# This is the anonymous code for WSDM paper review

 
| \textbf{Datasets}         | \textbf{iForest} | \textbf{LOF}      | \textbf{OCSVM}  | \textbf{ECOD} | \textbf{DeepSVDD} | \textbf{DIF} | \textbf{ALAD} | \textbf{LUNAR}  | \textbf{ICL}     | \textbf{GOAD}   | \textbf{NeuTraL} | \textbf{MCM}    | \textbf{OURS}    |
|---------------------------|------------------|-------------------|-----------------|---------------|-------------------|--------------|---------------|-----------------|------------------|-----------------|------------------|-----------------|------------------|
| \textbf{Breastw}          | \textbf{0.9791}  | 0.9372            | 0.9707          | 0.9623        | 0.9749            | 0.7281       | 0.6527        | 0.9665          | 0.9121           | 0.9414          | 0.7406           | 0.9665          | 0.9707           |
| \textbf{Cardio}           | 0.6441           | 0.6667            | 0.7966          | 0.7401        | \textbf{0.8023}   | 0.678        | 0.2768        | 0.7006          | 0.565            | 0.4011          | 0.4068           | 0.6102          | 0.4401           |
| \textbf{Cardiotocography} | 0.6202           | 0.4871            | 0.6416          | 0.6288        | 0.5386            | 0.4979       | 0.3605        | 0.4592          | 0.4721           | 0.5901          | 0.4421           | 0.6202          | \textbf{0.6652}  |
| \textbf{Fault}            | 0.5409           | 0.5156            | 0.5245          | 0.5156        | 0.5632            | 0.5795       | 0.529         | 0.5498          | \textbf{0.5958 } | 0.5275          | 0.5513           | 0.5557          | 0.5131           |
| \textbf{Hepatitis}        | 0.5714           | 0.5000            | 0.5714          | 0.4286        | 0.5000            | 0.1265       | 0.2857        | 0.5000          | 0.5000           | 0.5000          | 0.5714           | 0.2857          | \textbf{0.6428}  |
| \textbf{Ionosphere}       | 0.7165           | 0.9370            | 0.8031          | 0.6614        | 0.6929            | 0.7874       | 0.4331        | 0.8661          | 0.8661           | 0.7795          | \textbf{0.9134}  | 0.7638          | 0.7743           |
| \textbf{Musk}             | 0.4718           | 0.2249            | 0.3084          | 0.9286        | 0.0203            | 0.1387       | 0.3789        | 0.2249          | 0.6327           | \textbf{0.9898} | \textbf{0.9898 } | \textbf{0.9898} | \textbf{0.9898}  |
| \textbf{NSL-KDD}          | 0.4875           | 0.8786            | 0.8353          | 0.5434        | 0.8111            | 0.5488       | 0.6559        | \textbf{0.8957} | 0.5791           | 0.8778          | 0.8152           | 0.8812          | 0.8778           |
| \textbf{PageBlocks}       | 0.4111           | \textbf{0.6869}   | 0.5108          | 0.4932        | 0.4814            | 0.5636       | 0.2055        | 0.6106          | 0.5675           | 0.546           | 0.6243           | 0.3014          | 0.5753           |
| \textbf{Pima}             | 0.6791           | 0.6306            | 0.6532          | 0.5746        | 0.6269            | 0.5969       | 0.5634        | 0.7015          | 0.6045           | 0.6269          | 0.5933           | 0.2857          | \textbf{0.7052}  |
| \textbf{Satellite}        | 0.6603           | \textbf{}{0.7236} | 0.6221          | 0.5661        | 0.6303            | 0.6858       | 0.3927        | 0.7192          | 0.756            | 0.6696          | 0.7089           | 0.7231          | 0.4428           |
| \textbf{Satimage-2}       | 0.8873           | 0.5628            | 0.8592          | 0.7887        | 0.8310            | 0.9014       | 0.0013        | 0.3239          | 0.7324           | 0.8592          | 0.8451           | 0.9296          | \textbf{0.9355}  |
| \textbf{Shuttle}          | 0.9752           | 0.9758            | 0.9541          | 0.9180        | 0.9635            | 0.9681       | 0.1842        | 0.9878          | 0.9692           | 0.9647          | \textbf{0.9806}  | 0.9803          | 0.9803           |
| \textbf{Skin}             | 0.7432           | 0.4096            | \textbf{0.7677} | 0.2555        | 0.5786            | 0.4967       | 0.5123        | 0.5417          | 0.6539           | 0.7392          | 0.2537           | 0.7183          | 0.6932           |
| \textbf{SpamBase}         | \textbf{0.8142}  | 0.7332            | 0.7469          | 0.6951        | 0.8100            | 0.5706       | 0.5688        | 0.7796          | 0.6659           | 0.5753          | 0.7338           | 0.7385          | 0.7457           |
| \textbf{Smtp}             | 0.0175           | 0.5333            | \textbf{0.6667} | 0.0175        | \textbf{0.6667}   | 0.3726       | 0.4294        | 0.5333          | 0.3283           | 0.5333          | 0.4294           | 0.5637          | 0.5556           |
| \textbf{Vowels}           | 0.1201           | 0.0900            | 0.1800          | 0.2199        | 0.0201            | 0.0201       | 0.2873        | 0.0201          | 0.3265           | 0.0900          | 0.1800           | 0.2199          | \textbf{0.3751}  |
| \textbf{WDBC}             | \textbf{0.9091}  | \textbf{0.9091}   | \textbf{0.9091} | 0.6364        | \textbf{0.9091}   | 0.0909       | 0.6364        | 0.8182          | \textbf{0.9091}  | 0.8182          | 0.2813           | \textbf{0.9091} | 0.8182           |
| \textbf{WPBC}             | 0.3542           | 0.3125            | 0.3542          | 0.3542        | 0.2917            | 0.3542       | 0.3958        | 0.3542          | 0.4167           | 0.3542          | 0.3333           | 0.3333          | \textbf{0.4448}  |
| \textbf{Yeast}            | 0.4587           | 0.4705            | 0.4291          | 0.4665        | 0.4724            | 0.4173       | 0.4803        | 0.4606          | 0.4606           | 0.4291          | 0.4528           | 0.4272          | \textbf{0.5157}  |
| \textbf{AVG}              | 0.6032           | 0.6093            | 0.6552          | 0.5697        | 0.6094            | 0.5062       | 0.4115        | 0.6007          | 0.6257           | 0.6406          | 0.5924           | 0.6402          | \textbf{0.6831 } |
